Linear
Support Vectors
array([[0.23307747, 0.86884518],
       [0.23918196, 0.81585285],
       [0.14301642, 0.85313079],
       [0.14586533, 0.74931925],
       [0.26419794, 0.91067489],
       [0.06756031, 0.65812372],
       [0.17422964, 0.6157447 ],
       [0.01107579, 0.39873158],
       [0.15267995, 0.8006936 ],
       [0.03436631, 0.50247843],
       [0.3917889 , 0.96675591],
       [0.02066458, 0.27003158],
       [0.55919837, 0.70372314],
       [0.2498981 , 0.15693917],
       [0.65628367, 0.77812372],
       [0.27872572, 0.23552777],
       [0.24979414, 0.18230306],
       [0.70631503, 0.87261758],
       [0.22068726, 0.11139981],
       [0.36354491, 0.25915653],
       [0.42066002, 0.43762265],
       [0.76570056, 0.98727513],
       [0.45552411, 0.49956489],
       [0.6798148 , 0.90468041]])
Coefficient
array([[ 3.59965788, -2.03198838]])
Intercept
array([0.21848298])


Nonlinear
Support Vectors
array([[ -8.47422847,   5.15621613],
       [ -2.7471552 ,  -8.47244873],
       [ -2.52922727,  -8.29282482],
       [  7.38012912,  -1.36077284],
       [ -6.90647562,   7.14833849],
       [ -1.40132717,  -7.89496002],
       [ -9.53754332,  -0.51895777],
       [ -9.46760885,   2.36139525],
       [  6.3666283 ,  -6.49712918],
       [  0.20162846,  -8.81260121],
       [  0.44946335,   8.41292208],
       [  6.99249663,  -6.41143087],
       [ -6.80002274,  -7.02384335],
       [  9.90143538,  -0.31483149],
       [ -4.98349411,   8.31816584],
       [  4.27289989,   8.67079427],
       [ 10.24592717,   7.95373492],
       [-14.23121874,   8.57661163],
       [-15.64719728,   3.32039056],
       [-11.64621294,  -0.87217731],
       [ 12.74780931,   0.19913032],
       [-10.02833317,  11.09354511],
       [  3.28969027, -14.15854536],
       [  2.91722251, -12.27214032],
       [ -6.41766882, -16.57062517],
       [ -1.08933763, -14.10562483],
       [-10.260969  ,   2.07391791],
       [  1.66404809,  12.68562818],
       [  1.3393313 , -10.29098822],
       [ 11.75880948,  -9.85890377],
       [  9.67917724,   4.3759541 ]])
Intercept
array([1.13838513])
